Webots Project File version 8.3.1
perspectives: 000000ff00000000fd00000003000000000000012e000003f2fc0200000001fb00000012005300630065006e006500540072006500650100000015000003f200000000000000000000000100000124000002d8fc0200000001fb0000001400540065007800740045006400690074006f0072010000001a000002d80000003e00ffffff0000000300000780000000d8fc0100000001fb0000000e0043006f006e0073006f006c00650100000000000007800000005700ffffff00000656000002d800000001000000020000000100000008fc00000000
simulationViewPerspectives: 000000ff0000000100000002000001a9000004a10100000006010000000100
sceneTreePerspectives: 000000ff0000000100000002000000c00000008d0100000006010000000200
minimizedPerspectives: 
maximizedDockId: -1
centralWidgetVisible: 1
orthographicViewHeight: 1
textFiles: -1
renderingDevicePerspectives: 254;1;1;0.0227848;0.0292023
